dataLeft: [
        1, 0, 0, 0, 0, 0, 0,
        0, 0, 0, 0, 650, 0, 0,
        0, 0, 0, 400, 550, 0, 0,
        0, 0, 650, 550, 650, 0, 0,
        0, 0, 550, 400, 0, 0, 0,
        0, 0, 650, 0, 0, 0, 0,
        0, 0, 500, 0, 0, 0, 0,
        0, 0, 400, 500, 0, 0, 0,
        0, 0, 500, 650, 0, 0, 0,
        0, 0, 0, 0, 0, 0, 0,
      ],
      dataRight: [
        1, 0, 0, 0, 0, 0, 0,
        0, 0, 650, 0, 0, 0, 0,
        0, 0, 550, 400, 0, 0, 0,
        0, 0, 650, 550, 650, 0, 0,
        0, 0, 0, 400, 550, 0, 0,
        0, 0, 0, 0, 650, 0, 0,
        0, 0, 0, 0, 500, 0, 0,
        0, 0, 0, 500, 400, 0, 0,
        0, 0, 0, 650, 500, 0, 0,
        0, 0, 0, 0, 0, 0, 0,
      ],